KNeighborsRegressor: 0.5786085040292975
DecisionTreeRegressor: 0.7623591639372004
CatBoostRegressor: 0.8714072703965436
RandomForestRegressor: 0.8564563677576766
AdaBoostRegressor: 0.8280004852917576
GradientBoostingRegressor: 0.8687595978390538
SVR: 0.8805042500111573
LinearRegression: 0.8804332983749564
Ridge: 0.8804480338276085
Lasso: 0.8820820270670147
